idVisitante,idPersona,idAlojamiento,FechaEntrada,FechaSalida
1,2501,1,2018-01-01,
2,2502,1,2018-01-01,
3,2503,1,2018-01-01,
4,2504,1,2018-01-01,
5,2505,1,2018-01-01,
6,2506,1,2018-01-01,
7,2507,1,2018-01-01,
8,2508,1,2018-01-01,
9,2509,1,2018-01-01,
10,2510,1,2018-01-01,
11,2511,1,2018-01-01,
12,2512,1,2018-01-01,
13,2513,1,2018-01-01,
14,2514,1,2018-01-01,
15,2515,1,2018-01-01,
16,2516,1,2018-01-01,
17,2517,1,2018-01-01,
18,2518,1,2018-01-01,
19,2519,1,2018-01-01,
20,2520,1,2018-01-01,
21,2521,1,2018-01-02,
22,2522,1,2018-01-02,
23,2523,1,2018-01-02,
24,2524,1,2018-01-02,
25,2525,1,2018-01-02,
26,2526,1,2018-01-02,
27,2527,1,2018-01-02,
28,2528,1,2018-01-02,
29,2529,1,2018-01-02,
30,2530,1,2018-01-02,
31,2531,1,2018-01-02,
32,2532,1,2018-01-02,
33,2533,1,2018-01-02,
34,2534,1,2018-01-02,
35,2535,1,2018-01-02,
36,2536,1,2018-01-02,
37,2537,1,2018-01-02,
38,2538,1,2018-01-02,
39,2539,1,2018-01-02,
40,2540,1,2018-01-02,
41,2541,1,2018-01-03,
42,2542,1,2018-01-03,
43,2543,1,2018-01-03,
44,2544,1,2018-01-03,
45,2545,1,2018-01-03,
46,2546,1,2018-01-03,
47,2547,1,2018-01-03,
48,2548,1,2018-01-03,
49,2549,1,2018-01-03,
50,2550,1,2018-01-03,
51,2551,2,2018-01-03,
52,2552,2,2018-01-03,
53,2553,2,2018-01-03,
54,2554,2,2018-01-03,
55,2555,2,2018-01-03,
56,2556,2,2018-01-03,
57,2557,2,2018-01-03,
58,2558,2,2018-01-03,
59,2559,2,2018-01-03,
60,2560,2,2018-01-03,
61,2561,2,2018-01-04,
62,2562,2,2018-01-04,
63,2563,2,2018-01-04,
64,2564,2,2018-01-04,
65,2565,2,2018-01-04,
66,2566,2,2018-01-04,
67,2567,2,2018-01-04,
68,2568,2,2018-01-04,
69,2569,2,2018-01-04,
70,2570,2,2018-01-04,
71,2571,2,2018-01-04,
72,2572,2,2018-01-04,
73,2573,2,2018-01-04,
74,2574,2,2018-01-04,
75,2575,2,2018-01-04,
76,2576,2,2018-01-04,
77,2577,2,2018-01-04,
78,2578,2,2018-01-04,
79,2579,2,2018-01-04,
80,2580,2,2018-01-04,
81,2581,2,2018-01-05,
82,2582,2,2018-01-05,
83,2583,2,2018-01-05,
84,2584,2,2018-01-05,
85,2585,2,2018-01-05,
86,2586,2,2018-01-05,
87,2587,2,2018-01-05,
88,2588,2,2018-01-05,
89,2589,2,2018-01-05,
90,2590,2,2018-01-05,
91,2591,2,2018-01-05,
92,2592,2,2018-01-05,
93,2593,2,2018-01-05,
94,2594,2,2018-01-05,
95,2595,2,2018-01-05,
96,2596,2,2018-01-05,
97,2597,2,2018-01-05,
98,2598,2,2018-01-05,
99,2599,2,2018-01-05,
100,2600,2,2018-01-05,
101,2601,3,2018-01-06,
102,2602,3,2018-01-06,
103,2603,3,2018-01-06,
104,2604,3,2018-01-06,
105,2605,3,2018-01-06,
106,2606,3,2018-01-06,
107,2607,3,2018-01-06,
108,2608,3,2018-01-06,
109,2609,3,2018-01-06,
110,2610,3,2018-01-06,
111,2611,3,2018-01-06,
112,2612,3,2018-01-06,
113,2613,3,2018-01-06,
114,2614,3,2018-01-06,
115,2615,3,2018-01-06,
116,2616,3,2018-01-06,
117,2617,3,2018-01-06,
118,2618,3,2018-01-06,
119,2619,3,2018-01-06,
120,2620,3,2018-01-06,
121,2621,3,2018-01-07,
122,2622,3,2018-01-07,
123,2623,3,2018-01-07,
124,2624,3,2018-01-07,
125,2625,3,2018-01-07,
126,2626,3,2018-01-07,
127,2627,3,2018-01-07,
128,2628,3,2018-01-07,
129,2629,3,2018-01-07,
130,2630,3,2018-01-07,
131,2631,3,2018-01-07,
132,2632,3,2018-01-07,
133,2633,3,2018-01-07,
134,2634,3,2018-01-07,
135,2635,3,2018-01-07,
136,2636,3,2018-01-07,
137,2637,3,2018-01-07,
138,2638,3,2018-01-07,
139,2639,3,2018-01-07,
140,2640,3,2018-01-07,
141,2641,3,2018-01-08,
142,2642,3,2018-01-08,
143,2643,3,2018-01-08,
144,2644,3,2018-01-08,
145,2645,3,2018-01-08,
146,2646,3,2018-01-08,
147,2647,3,2018-01-08,
148,2648,3,2018-01-08,
149,2649,3,2018-01-08,
150,2650,3,2018-01-08,
151,2651,4,2018-01-08,
152,2652,4,2018-01-08,
153,2653,4,2018-01-08,
154,2654,4,2018-01-08,
155,2655,4,2018-01-08,
156,2656,4,2018-01-08,
157,2657,4,2018-01-08,
158,2658,4,2018-01-08,
159,2659,4,2018-01-08,
160,2660,4,2018-01-08,
161,2661,4,2018-01-09,
162,2662,4,2018-01-09,
163,2663,4,2018-01-09,
164,2664,4,2018-01-09,
165,2665,4,2018-01-09,
166,2666,4,2018-01-09,
167,2667,4,2018-01-09,
168,2668,4,2018-01-09,
169,2669,4,2018-01-09,
170,2670,4,2018-01-09,
171,2671,4,2018-01-09,
172,2672,4,2018-01-09,
173,2673,4,2018-01-09,
174,2674,4,2018-01-09,
175,2675,4,2018-01-09,
176,2676,4,2018-01-09,
177,2677,4,2018-01-09,
178,2678,4,2018-01-09,
179,2679,4,2018-01-09,
180,2680,4,2018-01-09,
181,2681,4,2018-01-10,
182,2682,4,2018-01-10,
183,2683,4,2018-01-10,
184,2684,4,2018-01-10,
185,2685,4,2018-01-10,
186,2686,4,2018-01-10,
187,2687,4,2018-01-10,
188,2688,4,2018-01-10,
189,2689,4,2018-01-10,
190,2690,4,2018-01-10,
191,2691,4,2018-01-10,
192,2692,4,2018-01-10,
193,2693,4,2018-01-10,
194,2694,4,2018-01-10,
195,2695,4,2018-01-10,
196,2696,4,2018-01-10,
197,2697,4,2018-01-10,
198,2698,4,2018-01-10,
199,2699,4,2018-01-10,
200,2700,4,2018-01-10,
201,2701,5,2018-01-11,
202,2702,5,2018-01-11,
203,2703,5,2018-01-11,
204,2704,5,2018-01-11,
205,2705,5,2018-01-11,
206,2706,5,2018-01-11,
207,2707,5,2018-01-11,
208,2708,5,2018-01-11,
209,2709,5,2018-01-11,
210,2710,5,2018-01-11,
211,2711,5,2018-01-11,
212,2712,5,2018-01-11,
213,2713,5,2018-01-11,
214,2714,5,2018-01-11,
215,2715,5,2018-01-11,
216,2716,5,2018-01-11,
217,2717,5,2018-01-11,
218,2718,5,2018-01-11,
219,2719,5,2018-01-11,
220,2720,5,2018-01-11,
221,2721,5,2018-01-12,
222,2722,5,2018-01-12,
223,2723,5,2018-01-12,
224,2724,5,2018-01-12,
225,2725,5,2018-01-12,
226,2726,5,2018-01-12,
227,2727,5,2018-01-12,
228,2728,5,2018-01-12,
229,2729,5,2018-01-12,
230,2730,5,2018-01-12,
231,2731,5,2018-01-12,
232,2732,5,2018-01-12,
233,2733,5,2018-01-12,
234,2734,5,2018-01-12,
235,2735,5,2018-01-12,
236,2736,5,2018-01-12,
237,2737,5,2018-01-12,
238,2738,5,2018-01-12,
239,2739,5,2018-01-12,
240,2740,5,2018-01-12,
241,2741,5,2018-01-12,
242,2742,5,2018-01-13,
243,2743,5,2018-01-13,
244,2744,5,2018-01-13,
245,2745,5,2018-01-13,
246,2746,5,2018-01-13,
247,2747,5,2018-01-13,
248,2748,5,2018-01-13,
249,2749,5,2018-01-13,
250,2750,5,2018-01-13,
251,2751,6,2018-01-13,
252,2752,6,2018-01-13,
253,2753,6,2018-01-13,
254,2754,6,2018-01-13,
255,2755,6,2018-01-13,
256,2756,6,2018-01-13,
257,2757,6,2018-01-13,
258,2758,6,2018-01-13,
259,2759,6,2018-01-13,
260,2760,6,2018-01-13,
261,2761,6,2018-01-13,
262,2762,6,2018-01-14,
263,2763,6,2018-01-14,
264,2764,6,2018-01-14,
265,2765,6,2018-01-14,
266,2766,6,2018-01-14,
267,2767,6,2018-01-14,
268,2768,6,2018-01-14,
269,2769,6,2018-01-14,
270,2770,6,2018-01-14,
271,2771,6,2018-01-14,
272,2772,6,2018-01-14,
273,2773,6,2018-01-14,
274,2774,6,2018-01-14,
275,2775,6,2018-01-14,
276,2776,6,2018-01-14,
277,2777,6,2018-01-14,
278,2778,6,2018-01-14,
279,2779,6,2018-01-14,
280,2780,6,2018-01-14,
281,2781,6,2018-01-14,
282,2782,6,2018-01-15,
283,2783,6,2018-01-15,
284,2784,6,2018-01-15,
285,2785,6,2018-01-15,
286,2786,6,2018-01-15,
287,2787,6,2018-01-15,
288,2788,6,2018-01-15,
289,2789,6,2018-01-15,
290,2790,6,2018-01-15,
291,2791,6,2018-01-15,
292,2792,6,2018-01-15,
293,2793,6,2018-01-15,
294,2794,6,2018-01-15,
295,2795,6,2018-01-15,
296,2796,6,2018-01-15,
297,2797,6,2018-01-15,
298,2798,6,2018-01-15,
299,2799,6,2018-01-15,
300,2800,6,2018-01-15,
301,2801,7,2018-01-15,
302,2802,7,2018-01-16,
303,2803,7,2018-01-16,
304,2804,7,2018-01-16,
305,2805,7,2018-01-16,
306,2806,7,2018-01-16,
307,2807,7,2018-01-16,
308,2808,7,2018-01-16,
309,2809,7,2018-01-16,
310,2810,7,2018-01-16,
311,2811,7,2018-01-16,
312,2812,7,2018-01-16,
313,2813,7,2018-01-16,
314,2814,7,2018-01-16,
315,2815,7,2018-01-16,
316,2816,7,2018-01-16,
317,2817,7,2018-01-16,
318,2818,7,2018-01-16,
319,2819,7,2018-01-16,
320,2820,7,2018-01-16,
321,2821,7,2018-01-16,
322,2822,7,2018-01-17,
323,2823,7,2018-01-17,
324,2824,7,2018-01-17,
325,2825,7,2018-01-17,
326,2826,7,2018-01-17,
327,2827,7,2018-01-17,
328,2828,7,2018-01-17,
329,2829,7,2018-01-17,
330,2830,7,2018-01-17,
331,2831,7,2018-01-17,
332,2832,7,2018-01-17,
333,2833,7,2018-01-17,
334,2834,7,2018-01-17,
335,2835,7,2018-01-17,
336,2836,7,2018-01-17,
337,2837,7,2018-01-17,
338,2838,7,2018-01-17,
339,2839,7,2018-01-17,
340,2840,7,2018-01-17,
341,2841,7,2018-01-17,
342,2842,7,2018-01-18,
343,2843,7,2018-01-18,
344,2844,7,2018-01-18,
345,2845,7,2018-01-18,
346,2846,7,2018-01-18,
347,2847,7,2018-01-18,
348,2848,7,2018-01-18,
349,2849,7,2018-01-18,
350,2850,7,2018-01-18,
351,2851,8,2018-01-18,
352,2852,8,2018-01-18,
353,2853,8,2018-01-18,
354,2854,8,2018-01-18,
355,2855,8,2018-01-18,
356,2856,8,2018-01-18,
357,2857,8,2018-01-18,
358,2858,8,2018-01-18,
359,2859,8,2018-01-18,
360,2860,8,2018-01-18,
361,2861,8,2018-01-18,
362,2862,8,2018-01-19,
363,2863,8,2018-01-19,
364,2864,8,2018-01-19,
365,2865,8,2018-01-19,
366,2866,8,2018-01-19,
367,2867,8,2018-01-19,
368,2868,8,2018-01-19,
369,2869,8,2018-01-19,
370,2870,8,2018-01-19,
371,2871,8,2018-01-19,
372,2872,8,2018-01-19,
373,2873,8,2018-01-19,
374,2874,8,2018-01-19,
375,2875,8,2018-01-19,
376,2876,8,2018-01-19,
377,2877,8,2018-01-19,
378,2878,8,2018-01-19,
379,2879,8,2018-01-19,
380,2880,8,2018-01-19,
381,2881,8,2018-01-19,
382,2882,8,2018-01-20,
383,2883,8,2018-01-20,
384,2884,8,2018-01-20,
385,2885,8,2018-01-20,
386,2886,8,2018-01-20,
387,2887,8,2018-01-20,
388,2888,8,2018-01-20,
389,2889,8,2018-01-20,
390,2890,8,2018-01-20,
391,2891,8,2018-01-20,
392,2892,8,2018-01-20,
393,2893,8,2018-01-20,
394,2894,8,2018-01-20,
395,2895,8,2018-01-20,
396,2896,8,2018-01-20,
397,2897,8,2018-01-20,
398,2898,8,2018-01-20,
399,2899,8,2018-01-20,
400,2900,8,2018-01-20,
401,2901,9,2018-01-20,
402,2902,9,2018-01-21,
403,2903,9,2018-01-21,
404,2904,9,2018-01-21,
405,2905,9,2018-01-21,
406,2906,9,2018-01-21,
407,2907,9,2018-01-21,
408,2908,9,2018-01-21,
409,2909,9,2018-01-21,
410,2910,9,2018-01-21,
411,2911,9,2018-01-21,
412,2912,9,2018-01-21,
413,2913,9,2018-01-21,
414,2914,9,2018-01-21,
415,2915,9,2018-01-21,
416,2916,9,2018-01-21,
417,2917,9,2018-01-21,
418,2918,9,2018-01-21,
419,2919,9,2018-01-21,
420,2920,9,2018-01-21,
421,2921,9,2018-01-21,
422,2922,9,2018-01-22,
423,2923,9,2018-01-22,
424,2924,9,2018-01-22,
425,2925,9,2018-01-22,
426,2926,9,2018-01-22,
427,2927,9,2018-01-22,
428,2928,9,2018-01-22,
429,2929,9,2018-01-22,
430,2930,9,2018-01-22,
431,2931,9,2018-01-22,
432,2932,9,2018-01-22,
433,2933,9,2018-01-22,
434,2934,9,2018-01-22,
435,2935,9,2018-01-22,
436,2936,9,2018-01-22,
437,2937,9,2018-01-22,
438,2938,9,2018-01-22,
439,2939,9,2018-01-22,
440,2940,9,2018-01-22,
441,2941,9,2018-01-22,
442,2942,9,2018-01-23,
443,2943,9,2018-01-23,
444,2944,9,2018-01-23,
445,2945,9,2018-01-23,
446,2946,9,2018-01-23,
447,2947,9,2018-01-23,
448,2948,9,2018-01-23,
449,2949,9,2018-01-23,
450,2950,9,2018-01-23,
451,2951,10,2018-01-23,
452,2952,10,2018-01-23,
453,2953,10,2018-01-23,
454,2954,10,2018-01-23,
455,2955,10,2018-01-23,
456,2956,10,2018-01-23,
457,2957,10,2018-01-23,
458,2958,10,2018-01-23,
459,2959,10,2018-01-23,
460,2960,10,2018-01-23,
461,2961,10,2018-01-23,
462,2962,10,2018-01-24,
463,2963,10,2018-01-24,
464,2964,10,2018-01-24,
465,2965,10,2018-01-24,
466,2966,10,2018-01-24,
467,2967,10,2018-01-24,
468,2968,10,2018-01-24,
469,2969,10,2018-01-24,
470,2970,10,2018-01-24,
471,2971,10,2018-01-24,
472,2972,10,2018-01-24,
473,2973,10,2018-01-24,
474,2974,10,2018-01-24,
475,2975,10,2018-01-24,
476,2976,10,2018-01-24,
477,2977,10,2018-01-24,
478,2978,10,2018-01-24,
479,2979,10,2018-01-24,
480,2980,10,2018-01-24,
481,2981,10,2018-01-24,
482,2982,10,2018-01-25,
483,2983,10,2018-01-25,
484,2984,10,2018-01-25,
485,2985,10,2018-01-25,
486,2986,10,2018-01-25,
487,2987,10,2018-01-25,
488,2988,10,2018-01-25,
489,2989,10,2018-01-25,
490,2990,10,2018-01-25,
491,2991,10,2018-01-25,
492,2992,10,2018-01-25,
493,2993,10,2018-01-25,
494,2994,10,2018-01-25,
495,2995,10,2018-01-25,
496,2996,10,2018-01-25,
497,2997,10,2018-01-25,
498,2998,10,2018-01-25,
499,2999,10,2018-01-25,
500,3000,10,2018-01-25,
501,3001,11,2018-01-25,
502,3002,11,2018-01-26,
503,3003,11,2018-01-26,
504,3004,11,2018-01-26,
505,3005,11,2018-01-26,
506,3006,11,2018-01-26,
507,3007,11,2018-01-26,
508,3008,11,2018-01-26,
509,3009,11,2018-01-26,
510,3010,11,2018-01-26,
511,3011,11,2018-01-26,
512,3012,11,2018-01-26,
513,3013,11,2018-01-26,
514,3014,11,2018-01-26,
515,3015,11,2018-01-26,
516,3016,11,2018-01-26,
517,3017,11,2018-01-26,
518,3018,11,2018-01-26,
519,3019,11,2018-01-26,
520,3020,11,2018-01-26,
521,3021,11,2018-01-26,
522,3022,11,2018-01-27,
523,3023,11,2018-01-27,
524,3024,11,2018-01-27,
525,3025,11,2018-01-27,
526,3026,11,2018-01-27,
527,3027,11,2018-01-27,
528,3028,11,2018-01-27,
529,3029,11,2018-01-27,
530,3030,11,2018-01-27,
531,3031,11,2018-01-27,
532,3032,11,2018-01-27,
533,3033,11,2018-01-27,
534,3034,11,2018-01-27,
535,3035,11,2018-01-27,
536,3036,11,2018-01-27,
537,3037,11,2018-01-27,
538,3038,11,2018-01-27,
539,3039,11,2018-01-27,
540,3040,11,2018-01-27,
541,3041,11,2018-01-27,
542,3042,11,2018-01-28,
543,3043,11,2018-01-28,
544,3044,11,2018-01-28,
545,3045,11,2018-01-28,
546,3046,11,2018-01-28,
547,3047,11,2018-01-28,
548,3048,11,2018-01-28,
549,3049,11,2018-01-28,
550,3050,11,2018-01-28,
551,3051,12,2018-01-28,
552,3052,12,2018-01-28,
553,3053,12,2018-01-28,
554,3054,12,2018-01-28,
555,3055,12,2018-01-28,
556,3056,12,2018-01-28,
557,3057,12,2018-01-28,
558,3058,12,2018-01-28,
559,3059,12,2018-01-28,
560,3060,12,2018-01-28,
561,3061,12,2018-01-28,
562,3062,12,2018-01-29,
563,3063,12,2018-01-29,
564,3064,12,2018-01-29,
565,3065,12,2018-01-29,
566,3066,12,2018-01-29,
567,3067,12,2018-01-29,
568,3068,12,2018-01-29,
569,3069,12,2018-01-29,
570,3070,12,2018-01-29,
571,3071,12,2018-01-29,
572,3072,12,2018-01-29,
573,3073,12,2018-01-29,
574,3074,12,2018-01-29,
575,3075,12,2018-01-29,
576,3076,12,2018-01-29,
577,3077,12,2018-01-29,
578,3078,12,2018-01-29,
579,3079,12,2018-01-29,
580,3080,12,2018-01-29,
581,3081,12,2018-01-29,
582,3082,12,2018-01-30,
583,3083,12,2018-01-30,
584,3084,12,2018-01-30,
585,3085,12,2018-01-30,
586,3086,12,2018-01-30,
587,3087,12,2018-01-30,
588,3088,12,2018-01-30,
589,3089,12,2018-01-30,
590,3090,12,2018-01-30,
591,3091,12,2018-01-30,
592,3092,12,2018-01-30,
593,3093,12,2018-01-30,
594,3094,12,2018-01-30,
595,3095,12,2018-01-30,
596,3096,12,2018-01-30,
597,3097,12,2018-01-30,
598,3098,12,2018-01-30,
599,3099,12,2018-01-30,
600,3100,12,2018-01-30,
601,3101,13,2018-01-30,
602,3102,13,2018-01-31,
603,3103,13,2018-01-31,
604,3104,13,2018-01-31,
605,3105,13,2018-01-31,
606,3106,13,2018-01-31,
607,3107,13,2018-01-31,
608,3108,13,2018-01-31,
609,3109,13,2018-01-31,
610,3110,13,2018-01-31,
611,3111,13,2018-01-31,
612,3112,13,2018-01-31,
613,3113,13,2018-01-31,
614,3114,13,2018-01-31,
615,3115,13,2018-01-31,
616,3116,13,2018-01-31,
617,3117,13,2018-01-31,
618,3118,13,2018-01-31,
619,3119,13,2018-01-31,
620,3120,13,2018-01-31,
621,3121,13,2018-01-31,
622,3122,13,2018-02-01,
623,3123,13,2018-02-01,
624,3124,13,2018-02-01,
625,3125,13,2018-02-01,
626,3126,13,2018-02-01,
627,3127,13,2018-02-01,
628,3128,13,2018-02-01,
629,3129,13,2018-02-01,
630,3130,13,2018-02-01,
631,3131,13,2018-02-01,
632,3132,13,2018-02-01,
633,3133,13,2018-02-01,
634,3134,13,2018-02-01,
635,3135,13,2018-02-01,
636,3136,13,2018-02-01,
637,3137,13,2018-02-01,
638,3138,13,2018-02-01,
639,3139,13,2018-02-01,
640,3140,13,2018-02-01,
641,3141,13,2018-02-01,
642,3142,13,2018-02-01,
643,3143,13,2018-02-02,
644,3144,13,2018-02-02,
645,3145,13,2018-02-02,
646,3146,13,2018-02-02,
647,3147,13,2018-02-02,
648,3148,13,2018-02-02,
649,3149,13,2018-02-02,
650,3150,13,2018-02-02,
651,3151,14,2018-02-02,
652,3152,14,2018-02-02,
653,3153,14,2018-02-02,
654,3154,14,2018-02-02,
655,3155,14,2018-02-02,
656,3156,14,2018-02-02,
657,3157,14,2018-02-02,
658,3158,14,2018-02-02,
659,3159,14,2018-02-02,
660,3160,14,2018-02-02,
661,3161,14,2018-02-02,
662,3162,14,2018-02-02,
663,3163,14,2018-02-03,
664,3164,14,2018-02-03,
665,3165,14,2018-02-03,
666,3166,14,2018-02-03,
667,3167,14,2018-02-03,
668,3168,14,2018-02-03,
669,3169,14,2018-02-03,
670,3170,14,2018-02-03,
671,3171,14,2018-02-03,
672,3172,14,2018-02-03,
673,3173,14,2018-02-03,
674,3174,14,2018-02-03,
675,3175,14,2018-02-03,
676,3176,14,2018-02-03,
677,3177,14,2018-02-03,
678,3178,14,2018-02-03,
679,3179,14,2018-02-03,
680,3180,14,2018-02-03,
681,3181,14,2018-02-03,
682,3182,14,2018-02-03,
683,3183,14,2018-02-04,
684,3184,14,2018-02-04,
685,3185,14,2018-02-04,
686,3186,14,2018-02-04,
687,3187,14,2018-02-04,
688,3188,14,2018-02-04,
689,3189,14,2018-02-04,
690,3190,14,2018-02-04,
691,3191,14,2018-02-04,
692,3192,14,2018-02-04,
693,3193,14,2018-02-04,
694,3194,14,2018-02-04,
695,3195,14,2018-02-04,
696,3196,14,2018-02-04,
697,3197,14,2018-02-04,
698,3198,14,2018-02-04,
699,3199,14,2018-02-04,
700,3200,14,2018-02-04,
701,3201,15,2018-02-04,
702,3202,15,2018-02-04,
703,3203,15,2018-02-05,
704,3204,15,2018-02-05,
705,3205,15,2018-02-05,
706,3206,15,2018-02-05,
707,3207,15,2018-02-05,
708,3208,15,2018-02-05,
709,3209,15,2018-02-05,
710,3210,15,2018-02-05,
711,3211,15,2018-02-05,
712,3212,15,2018-02-05,
713,3213,15,2018-02-05,
714,3214,15,2018-02-05,
715,3215,15,2018-02-05,
716,3216,15,2018-02-05,
717,3217,15,2018-02-05,
718,3218,15,2018-02-05,
719,3219,15,2018-02-05,
720,3220,15,2018-02-05,
721,3221,15,2018-02-05,
722,3222,15,2018-02-05,
723,3223,15,2018-02-06,
724,3224,15,2018-02-06,
725,3225,15,2018-02-06,
726,3226,15,2018-02-06,
727,3227,15,2018-02-06,
728,3228,15,2018-02-06,
729,3229,15,2018-02-06,
730,3230,15,2018-02-06,
731,3231,15,2018-02-06,
732,3232,15,2018-02-06,
733,3233,15,2018-02-06,
734,3234,15,2018-02-06,
735,3235,15,2018-02-06,
736,3236,15,2018-02-06,
737,3237,15,2018-02-06,
738,3238,15,2018-02-06,
739,3239,15,2018-02-06,
740,3240,15,2018-02-06,
741,3241,15,2018-02-06,
742,3242,15,2018-02-06,
743,3243,15,2018-02-07,
744,3244,15,2018-02-07,
745,3245,15,2018-02-07,
746,3246,15,2018-02-07,
747,3247,15,2018-02-07,
748,3248,15,2018-02-07,
749,3249,15,2018-02-07,
750,3250,15,2018-02-07,
751,3251,16,2018-02-07,
752,3252,16,2018-02-07,
753,3253,16,2018-02-07,
754,3254,16,2018-02-07,
755,3255,16,2018-02-07,
756,3256,16,2018-02-07,
757,3257,16,2018-02-07,
758,3258,16,2018-02-07,
759,3259,16,2018-02-07,
760,3260,16,2018-02-07,
761,3261,16,2018-02-07,
762,3262,16,2018-02-07,
763,3263,16,2018-02-08,
764,3264,16,2018-02-08,
765,3265,16,2018-02-08,
766,3266,16,2018-02-08,
767,3267,16,2018-02-08,
768,3268,16,2018-02-08,
769,3269,16,2018-02-08,
770,3270,16,2018-02-08,
771,3271,16,2018-02-08,
772,3272,16,2018-02-08,
773,3273,16,2018-02-08,
774,3274,16,2018-02-08,
775,3275,16,2018-02-08,
776,3276,16,2018-02-08,
777,3277,16,2018-02-08,
778,3278,16,2018-02-08,
779,3279,16,2018-02-08,
780,3280,16,2018-02-08,
781,3281,16,2018-02-08,
782,3282,16,2018-02-08,
783,3283,16,2018-02-09,
784,3284,16,2018-02-09,
785,3285,16,2018-02-09,
786,3286,16,2018-02-09,
787,3287,16,2018-02-09,
788,3288,16,2018-02-09,
789,3289,16,2018-02-09,
790,3290,16,2018-02-09,
791,3291,16,2018-02-09,
792,3292,16,2018-02-09,
793,3293,16,2018-02-09,
794,3294,16,2018-02-09,
795,3295,16,2018-02-09,
796,3296,16,2018-02-09,
797,3297,16,2018-02-09,
798,3298,16,2018-02-09,
799,3299,16,2018-02-09,
800,3300,16,2018-02-09,
801,3301,17,2018-02-09,
802,3302,17,2018-02-09,
803,3303,17,2018-02-10,
804,3304,17,2018-02-10,
805,3305,17,2018-02-10,
806,3306,17,2018-02-10,
807,3307,17,2018-02-10,
808,3308,17,2018-02-10,
809,3309,17,2018-02-10,
810,3310,17,2018-02-10,
811,3311,17,2018-02-10,
812,3312,17,2018-02-10,
813,3313,17,2018-02-10,
814,3314,17,2018-02-10,
815,3315,17,2018-02-10,
816,3316,17,2018-02-10,
817,3317,17,2018-02-10,
818,3318,17,2018-02-10,
819,3319,17,2018-02-10,
820,3320,17,2018-02-10,
821,3321,17,2018-02-10,
822,3322,17,2018-02-10,
823,3323,17,2018-02-11,
824,3324,17,2018-02-11,
825,3325,17,2018-02-11,
826,3326,17,2018-02-11,
827,3327,17,2018-02-11,
828,3328,17,2018-02-11,
829,3329,17,2018-02-11,
830,3330,17,2018-02-11,
831,3331,17,2018-02-11,
832,3332,17,2018-02-11,
833,3333,17,2018-02-11,
834,3334,17,2018-02-11,
835,3335,17,2018-02-11,
836,3336,17,2018-02-11,
837,3337,17,2018-02-11,
838,3338,17,2018-02-11,
839,3339,17,2018-02-11,
840,3340,17,2018-02-11,
841,3341,17,2018-02-11,
842,3342,17,2018-02-11,
843,3343,17,2018-02-12,
844,3344,17,2018-02-12,
845,3345,17,2018-02-12,
846,3346,17,2018-02-12,
847,3347,17,2018-02-12,
848,3348,17,2018-02-12,
849,3349,17,2018-02-12,
850,3350,17,2018-02-12,
851,3351,18,2018-02-12,
852,3352,18,2018-02-12,
853,3353,18,2018-02-12,
854,3354,18,2018-02-12,
855,3355,18,2018-02-12,
856,3356,18,2018-02-12,
857,3357,18,2018-02-12,
858,3358,18,2018-02-12,
859,3359,18,2018-02-12,
860,3360,18,2018-02-12,
861,3361,18,2018-02-12,
862,3362,18,2018-02-12,
863,3363,18,2018-02-13,
864,3364,18,2018-02-13,
865,3365,18,2018-02-13,
866,3366,18,2018-02-13,
867,3367,18,2018-02-13,
868,3368,18,2018-02-13,
869,3369,18,2018-02-13,
870,3370,18,2018-02-13,
871,3371,18,2018-02-13,
872,3372,18,2018-02-13,
873,3373,18,2018-02-13,
874,3374,18,2018-02-13,
875,3375,18,2018-02-13,
876,3376,18,2018-02-13,
877,3377,18,2018-02-13,
878,3378,18,2018-02-13,
879,3379,18,2018-02-13,
880,3380,18,2018-02-13,
881,3381,18,2018-02-13,
882,3382,18,2018-02-13,
883,3383,18,2018-02-14,
884,3384,18,2018-02-14,
885,3385,18,2018-02-14,
886,3386,18,2018-02-14,
887,3387,18,2018-02-14,
888,3388,18,2018-02-14,
889,3389,18,2018-02-14,
890,3390,18,2018-02-14,
891,3391,18,2018-02-14,
892,3392,18,2018-02-14,
893,3393,18,2018-02-14,
894,3394,18,2018-02-14,
895,3395,18,2018-02-14,
896,3396,18,2018-02-14,
897,3397,18,2018-02-14,
898,3398,18,2018-02-14,
899,3399,18,2018-02-14,
900,3400,18,2018-02-14,
901,3401,19,2018-02-14,
902,3402,19,2018-02-14,
903,3403,19,2018-02-15,
904,3404,19,2018-02-15,
905,3405,19,2018-02-15,
906,3406,19,2018-02-15,
907,3407,19,2018-02-15,
908,3408,19,2018-02-15,
909,3409,19,2018-02-15,
910,3410,19,2018-02-15,
911,3411,19,2018-02-15,
912,3412,19,2018-02-15,
913,3413,19,2018-02-15,
914,3414,19,2018-02-15,
915,3415,19,2018-02-15,
916,3416,19,2018-02-15,
917,3417,19,2018-02-15,
918,3418,19,2018-02-15,
919,3419,19,2018-02-15,
920,3420,19,2018-02-15,
921,3421,19,2018-02-15,
922,3422,19,2018-02-15,
923,3423,19,2018-02-16,
924,3424,19,2018-02-16,
925,3425,19,2018-02-16,
926,3426,19,2018-02-16,
927,3427,19,2018-02-16,
928,3428,19,2018-02-16,
929,3429,19,2018-02-16,
930,3430,19,2018-02-16,
931,3431,19,2018-02-16,
932,3432,19,2018-02-16,
933,3433,19,2018-02-16,
934,3434,19,2018-02-16,
935,3435,19,2018-02-16,
936,3436,19,2018-02-16,
937,3437,19,2018-02-16,
938,3438,19,2018-02-16,
939,3439,19,2018-02-16,
940,3440,19,2018-02-16,
941,3441,19,2018-02-16,
942,3442,19,2018-02-16,
943,3443,19,2018-02-17,
944,3444,19,2018-02-17,
945,3445,19,2018-02-17,
946,3446,19,2018-02-17,
947,3447,19,2018-02-17,
948,3448,19,2018-02-17,
949,3449,19,2018-02-17,
950,3450,19,2018-02-17,
951,3451,20,2018-02-17,
952,3452,20,2018-02-17,
953,3453,20,2018-02-17,
954,3454,20,2018-02-17,
955,3455,20,2018-02-17,
956,3456,20,2018-02-17,
957,3457,20,2018-02-17,
958,3458,20,2018-02-17,
959,3459,20,2018-02-17,
960,3460,20,2018-02-17,
961,3461,20,2018-02-17,
962,3462,20,2018-02-17,
963,3463,20,2018-02-18,
964,3464,20,2018-02-18,
965,3465,20,2018-02-18,
966,3466,20,2018-02-18,
967,3467,20,2018-02-18,
968,3468,20,2018-02-18,
969,3469,20,2018-02-18,
970,3470,20,2018-02-18,
971,3471,20,2018-02-18,
972,3472,20,2018-02-18,
973,3473,20,2018-02-18,
974,3474,20,2018-02-18,
975,3475,20,2018-02-18,
976,3476,20,2018-02-18,
977,3477,20,2018-02-18,
978,3478,20,2018-02-18,
979,3479,20,2018-02-18,
980,3480,20,2018-02-18,
981,3481,20,2018-02-18,
982,3482,20,2018-02-18,
983,3483,20,2018-02-19,
984,3484,20,2018-02-19,
985,3485,20,2018-02-19,
986,3486,20,2018-02-19,
987,3487,20,2018-02-19,
988,3488,20,2018-02-19,
989,3489,20,2018-02-19,
990,3490,20,2018-02-19,
991,3491,20,2018-02-19,
992,3492,20,2018-02-19,
993,3493,20,2018-02-19,
994,3494,20,2018-02-19,
995,3495,20,2018-02-19,
996,3496,20,2018-02-19,
997,3497,20,2018-02-19,
998,3498,20,2018-02-19,
999,3499,20,2018-02-19,
1000,3500,20,2018-02-19,
1001,3501,21,2018-02-19,
1002,3502,21,2018-02-19,
1003,3503,21,2018-02-19,
1005,3505,21,2017-02-20,
1006,3506,21,2017-02-20,
1004,3504,21,2017-02-20,
1007,3507,21,2017-02-20,
1008,3508,21,2017-02-20,
1009,3509,21,2017-02-20,
1010,3510,21,2017-02-20,
1011,3511,21,2017-02-20,
1012,3512,21,2017-02-20,
1013,3513,21,2017-02-20,
1014,3514,21,2017-02-20,
1015,3515,21,2017-02-20,
1016,3516,21,2017-02-20,
1017,3517,21,2017-02-20,
1018,3518,21,2017-02-20,
1019,3519,21,2017-02-20,
1020,3520,21,2017-02-20,
1021,3521,21,2017-02-20,
1022,3522,21,2017-02-20,
1023,3523,21,2017-02-20,
1024,3524,21,2017-02-20,
1025,3525,21,2017-02-21,
1026,3526,21,2017-02-21,
1027,3527,21,2017-02-21,
1028,3528,21,2017-02-21,
1029,3529,21,2017-02-21,
1030,3530,21,2017-02-21,
1031,3531,21,2017-02-21,
1032,3532,21,2017-02-21,
1033,3533,21,2017-02-21,
1034,3534,21,2017-02-21,
1035,3535,21,2017-02-21,
1036,3536,21,2017-02-21,
1037,3537,21,2017-02-21,
1038,3538,21,2017-02-21,
1039,3539,21,2017-02-21,
1040,3540,21,2017-02-21,
1041,3541,21,2017-02-21,
1042,3542,21,2017-02-21,
1043,3543,21,2017-02-21,
1044,3544,21,2017-02-21,
1045,3545,21,2017-02-21,
1046,3546,21,2017-02-22,
1047,3547,21,2017-02-22,
1048,3548,21,2017-02-22,
1049,3549,21,2017-02-22,
1050,3550,21,2017-02-22,
1051,3551,22,2017-02-22,
1052,3552,22,2017-02-22,
1053,3553,22,2017-02-22,
1054,3554,22,2017-02-22,
1055,3555,22,2017-02-22,
1056,3556,22,2017-02-22,
1057,3557,22,2017-02-22,
1058,3558,22,2017-02-22,
1059,3559,22,2017-02-22,
1060,3560,22,2017-02-22,
1061,3561,22,2017-02-22,
1062,3562,22,2017-02-22,
1063,3563,22,2017-02-22,
1064,3564,22,2017-02-22,
1065,3565,22,2017-02-22,
1066,3566,22,2017-02-22,
1067,3567,22,2017-02-23,
1068,3568,22,2017-02-23,
1069,3569,22,2017-02-23,
1070,3570,22,2017-02-23,
1071,3571,22,2017-02-23,
1072,3572,22,2017-02-23,
1073,3573,22,2017-02-23,
1074,3574,22,2017-02-23,
1075,3575,22,2017-02-23,
1076,3576,22,2017-02-23,
1077,3577,22,2017-02-23,
1078,3578,22,2017-02-23,
1079,3579,22,2017-02-23,
1080,3580,22,2017-02-23,
1081,3581,22,2017-02-23,
1082,3582,22,2017-02-23,
1083,3583,22,2017-02-23,
1084,3584,22,2017-02-23,
1085,3585,22,2017-02-23,
1086,3586,22,2017-02-23,
1087,3587,22,2017-02-23,
1088,3588,22,2017-02-24,
1089,3589,22,2017-02-24,
1090,3590,22,2017-02-24,
1091,3591,22,2017-02-24,
1092,3592,22,2017-02-24,
1093,3593,22,2017-02-24,
1094,3594,22,2017-02-24,
1095,3595,22,2017-02-24,
1096,3596,22,2017-02-24,
1097,3597,22,2017-02-24,
1098,3598,22,2017-02-24,
1099,3599,22,2017-02-24,
1100,3600,22,2017-02-24,
1101,3601,23,2017-02-24,
1102,3602,23,2017-02-24,
1103,3603,23,2017-02-24,
1104,3604,23,2017-02-24,
1105,3605,23,2017-02-24,
1106,3606,23,2017-02-24,
1107,3607,23,2017-02-24,
1108,3608,23,2017-02-24,
1109,3609,23,2017-02-25,
1110,3610,23,2017-02-25,
1111,3611,23,2017-02-25,
1112,3612,23,2017-02-25,
1113,3613,23,2017-02-25,
1114,3614,23,2017-02-25,
1115,3615,23,2017-02-25,
1116,3616,23,2017-02-25,
1117,3617,23,2017-02-25,
1118,3618,23,2017-02-25,
1119,3619,23,2017-02-25,
1120,3620,23,2017-02-25,
1121,3621,23,2017-02-25,
1122,3622,23,2017-02-25,
1123,3623,23,2017-02-25,
1124,3624,23,2017-02-25,
1125,3625,23,2017-02-25,
1126,3626,23,2017-02-25,
1127,3627,23,2017-02-25,
1128,3628,23,2017-02-25,
1129,3629,23,2017-02-25,
1130,3630,23,2017-02-26,
1131,3631,23,2017-02-26,
1132,3632,23,2017-02-26,
1133,3633,23,2017-02-26,
1134,3634,23,2017-02-26,
1135,3635,23,2017-02-26,
1136,3636,23,2017-02-26,
1137,3637,23,2017-02-26,
1138,3638,23,2017-02-26,
1139,3639,23,2017-02-26,
1140,3640,23,2017-02-26,
1141,3641,23,2017-02-26,
1142,3642,23,2017-02-26,
1143,3643,23,2017-02-26,
1144,3644,23,2017-02-26,
1145,3645,23,2017-02-26,
1146,3646,23,2017-02-26,
1147,3647,23,2017-02-26,
1148,3648,23,2017-02-26,
1149,3649,23,2017-02-26,
1150,3650,23,2017-02-26,
1151,3651,24,2017-02-27,
1152,3652,24,2017-02-27,
1153,3653,24,2017-02-27,
1154,3654,24,2017-02-27,
1155,3655,24,2017-02-27,
1156,3656,24,2017-02-27,
1157,3657,24,2017-02-27,
1158,3658,24,2017-02-27,
1159,3659,24,2017-02-27,
1160,3660,24,2017-02-27,
1161,3661,24,2017-02-27,
1162,3662,24,2017-02-27,
1163,3663,24,2017-02-27,
1164,3664,24,2017-02-27,
1165,3665,24,2017-02-27,
1166,3666,24,2017-02-27,
1167,3667,24,2017-02-27,
1168,3668,24,2017-02-27,
1169,3669,24,2017-02-27,
1170,3670,24,2017-02-27,
1171,3671,24,2017-02-27,
1172,3672,24,2017-02-28,
1173,3673,24,2017-02-28,
1174,3674,24,2017-02-28,
1175,3675,24,2017-02-28,
1176,3676,24,2017-02-28,
1177,3677,24,2017-02-28,
1178,3678,24,2017-02-28,
1179,3679,24,2017-02-28,
1180,3680,24,2017-02-28,
1181,3681,24,2017-02-28,
1182,3682,24,2017-02-28,
1183,3683,24,2017-02-28,
1184,3684,24,2017-02-28,
1185,3685,24,2017-02-28,
1186,3686,24,2017-02-28,
1187,3687,24,2017-02-28,
1188,3688,24,2017-02-28,
1189,3689,24,2017-02-28,
1190,3690,24,2017-02-28,
1191,3691,24,2017-02-28,
1192,3692,24,2017-02-28,
1193,3693,24,2017-03-01,
1194,3694,24,2017-03-01,
1195,3695,24,2017-03-01,
1196,3696,24,2017-03-01,
1197,3697,24,2017-03-01,
1198,3698,24,2017-03-01,
1199,3699,24,2017-03-01,
1200,3700,24,2017-03-01,
1201,3701,25,2017-03-01,
1202,3702,25,2017-03-01,
1203,3703,25,2017-03-01,
1204,3704,25,2017-03-01,
1205,3705,25,2017-03-01,
1206,3706,25,2017-03-01,
1207,3707,25,2017-03-01,
1208,3708,25,2017-03-01,
1209,3709,25,2017-03-01,
1210,3710,25,2017-03-01,
1211,3711,25,2017-03-01,
1212,3712,25,2017-03-01,
1213,3713,25,2017-03-02,
1214,3714,25,2017-03-02,
1215,3715,25,2017-03-02,
1216,3716,25,2017-03-02,
1217,3717,25,2017-03-02,
1218,3718,25,2017-03-02,
1219,3719,25,2017-03-02,
1220,3720,25,2017-03-02,
1221,3721,25,2017-03-02,
1222,3722,25,2017-03-02,
1223,3723,25,2017-03-02,
1224,3724,25,2017-03-02,
1225,3725,25,2017-03-02,
1226,3726,25,2017-03-02,
1227,3727,25,2017-03-02,
1228,3728,25,2017-03-02,
1229,3729,25,2017-03-02,
1230,3730,25,2017-03-02,
1231,3731,25,2017-03-02,
1232,3732,25,2017-03-02,
1233,3733,25,2017-03-03,
1234,3734,25,2017-03-03,
1235,3735,25,2017-03-03,
1236,3736,25,2017-03-03,
1237,3737,25,2017-03-03,
1238,3738,25,2017-03-03,
1239,3739,25,2017-03-03,
1240,3740,25,2017-03-03,
1241,3741,25,2017-03-03,
1242,3742,25,2017-03-03,
1243,3743,25,2017-03-03,
1244,3744,25,2017-03-03,
1245,3745,25,2017-03-03,
1246,3746,25,2017-03-03,
1247,3747,25,2017-03-03,
1248,3748,25,2017-03-03,
1249,3749,25,2017-03-03,
1250,3750,25,2017-03-03,
1251,3751,26,2017-03-03,
1252,3752,26,2017-03-03,
1253,3753,26,2017-03-04,
1254,3754,26,2017-03-04,
1255,3755,26,2017-03-04,
1256,3756,26,2017-03-04,
1257,3757,26,2017-03-04,
1258,3758,26,2017-03-04,
1259,3759,26,2017-03-04,
1260,3760,26,2017-03-04,
1261,3761,26,2017-03-04,
1262,3762,26,2017-03-04,
1263,3763,26,2017-03-04,
1264,3764,26,2017-03-04,
1265,3765,26,2017-03-04,
1266,3766,26,2017-03-04,
1267,3767,26,2017-03-04,
1268,3768,26,2017-03-04,
1269,3769,26,2017-03-04,
1270,3770,26,2017-03-04,
1271,3771,26,2017-03-04,
1272,3772,26,2017-03-04,
1273,3773,26,2017-03-05,
1274,3774,26,2017-03-05,
1275,3775,26,2017-03-05,
1276,3776,26,2017-03-05,
1277,3777,26,2017-03-05,
1278,3778,26,2017-03-05,
1279,3779,26,2017-03-05,
1280,3780,26,2017-03-05,
1281,3781,26,2017-03-05,
1282,3782,26,2017-03-05,
1283,3783,26,2017-03-05,
1284,3784,26,2017-03-05,
1285,3785,26,2017-03-05,
1286,3786,26,2017-03-05,
1287,3787,26,2017-03-05,
1288,3788,26,2017-03-05,
1289,3789,26,2017-03-05,
1290,3790,26,2017-03-05,
1291,3791,26,2017-03-05,
1292,3792,26,2017-03-05,
1293,3793,26,2017-03-06,
1294,3794,26,2017-03-06,
1295,3795,26,2017-03-06,
1296,3796,26,2017-03-06,
1297,3797,26,2017-03-06,
1298,3798,26,2017-03-06,
1299,3799,26,2017-03-06,
1300,3800,26,2017-03-06,
1301,3801,27,2017-03-06,
1302,3802,27,2017-03-06,
1303,3803,27,2017-03-06,
1304,3804,27,2017-03-06,
1305,3805,27,2017-03-06,
1306,3806,27,2017-03-06,
1307,3807,27,2017-03-06,
1308,3808,27,2017-03-06,
1309,3809,27,2017-03-06,
1310,3810,27,2017-03-06,
1311,3811,27,2017-03-06,
1312,3812,27,2017-03-06,
1313,3813,27,2017-03-07,
1314,3814,27,2017-03-07,
1315,3815,27,2017-03-07,
1316,3816,27,2017-03-07,
1317,3817,27,2017-03-07,
1318,3818,27,2017-03-07,
1319,3819,27,2017-03-07,
1320,3820,27,2017-03-07,
1321,3821,27,2017-03-07,
1322,3822,27,2017-03-07,
1323,3823,27,2017-03-07,
1324,3824,27,2017-03-07,
1325,3825,27,2017-03-07,
1326,3826,27,2017-03-07,
1327,3827,27,2017-03-07,
1328,3828,27,2017-03-07,
1329,3829,27,2017-03-07,
1330,3830,27,2017-03-07,
1331,3831,27,2017-03-07,
1332,3832,27,2017-03-07,
1333,3833,27,2017-03-07,
1334,3834,27,2017-03-08,
1335,3835,27,2017-03-08,
1336,3836,27,2017-03-08,
1337,3837,27,2017-03-08,
1338,3838,27,2017-03-08,
1339,3839,27,2017-03-08,
1340,3840,27,2017-03-08,
1341,3841,27,2017-03-08,
1342,3842,27,2017-03-08,
1343,3843,27,2017-03-08,
1344,3844,27,2017-03-08,
1345,3845,27,2017-03-08,
1346,3846,27,2017-03-08,
1347,3847,27,2017-03-08,
1348,3848,27,2017-03-08,
1349,3849,27,2017-03-08,
1350,3850,27,2017-03-08,
1351,3851,28,2017-03-08,
1352,3852,28,2017-03-08,
1353,3853,28,2017-03-08,
1354,3854,28,2017-03-09,
1355,3855,28,2017-03-09,
1356,3856,28,2017-03-09,
1357,3857,28,2017-03-09,
1358,3858,28,2017-03-09,
1359,3859,28,2017-03-09,
1360,3860,28,2017-03-09,
1361,3861,28,2017-03-09,
1362,3862,28,2017-03-09,
1363,3863,28,2017-03-09,
1364,3864,28,2017-03-09,
1365,3865,28,2017-03-09,
1366,3866,28,2017-03-09,
1367,3867,28,2017-03-09,
1368,3868,28,2017-03-09,
1369,3869,28,2017-03-09,
1370,3870,28,2017-03-09,
1371,3871,28,2017-03-09,
1372,3872,28,2017-03-09,
1373,3873,28,2017-03-09,
1374,3874,28,2017-03-10,
1375,3875,28,2017-03-10,
1376,3876,28,2017-03-10,
1377,3877,28,2017-03-10,
1378,3878,28,2017-03-10,
1379,3879,28,2017-03-10,
1380,3880,28,2017-03-10,
1381,3881,28,2017-03-10,
1382,3882,28,2017-03-10,
1383,3883,28,2017-03-10,
1384,3884,28,2017-03-10,
1385,3885,28,2017-03-10,
1386,3886,28,2017-03-10,
1387,3887,28,2017-03-10,
1388,3888,28,2017-03-10,
1389,3889,28,2017-03-10,
1390,3890,28,2017-03-10,
1391,3891,28,2017-03-10,
1392,3892,28,2017-03-10,
1393,3893,28,2017-03-10,
1394,3894,28,2017-03-11,
1395,3895,28,2017-03-11,
1396,3896,28,2017-03-11,
1397,3897,28,2017-03-11,
1398,3898,28,2017-03-11,
1399,3899,28,2017-03-11,
1400,3900,28,2017-03-11,
1401,3901,29,2017-03-11,
1402,3902,29,2017-03-11,
1403,3903,29,2017-03-11,
1404,3904,29,2017-03-11,
1405,3905,29,2017-03-11,
1406,3906,29,2017-03-11,
1407,3907,29,2017-03-11,
1408,3908,29,2017-03-11,
1409,3909,29,2017-03-11,
1410,3910,29,2017-03-11,
1411,3911,29,2017-03-11,
1412,3912,29,2017-03-11,
1413,3913,29,2017-03-11,
1414,3914,29,2017-03-12,
1415,3915,29,2017-03-12,
1416,3916,29,2017-03-12,
1417,3917,29,2017-03-12,
1418,3918,29,2017-03-12,
1419,3919,29,2017-03-12,
1420,3920,29,2017-03-12,
1421,3921,29,2017-03-12,
1422,3922,29,2017-03-12,
1423,3923,29,2017-03-12,
1424,3924,29,2017-03-12,
1425,3925,29,2017-03-12,
1426,3926,29,2017-03-12,
1427,3927,29,2017-03-12,
1428,3928,29,2017-03-12,
1429,3929,29,2017-03-12,
1430,3930,29,2017-03-12,
1431,3931,29,2017-03-12,
1432,3932,29,2017-03-12,
1433,3933,29,2017-03-12,
1434,3934,29,2017-03-13,
1435,3935,29,2017-03-13,
1436,3936,29,2017-03-13,
1437,3937,29,2017-03-13,
1438,3938,29,2017-03-13,
1439,3939,29,2017-03-13,
1440,3940,29,2017-03-13,
1441,3941,29,2017-03-13,
1442,3942,29,2017-03-13,
1443,3943,29,2017-03-13,
1444,3944,29,2017-03-13,
1445,3945,29,2017-03-13,
1446,3946,29,2017-03-13,
1447,3947,29,2017-03-13,
1448,3948,29,2017-03-13,
1449,3949,29,2017-03-13,
1450,3950,29,2017-03-13,
1451,3951,30,2017-03-13,
1452,3952,30,2017-03-13,
1453,3953,30,2017-03-13,
1454,3954,30,2017-03-14,
1455,3955,30,2017-03-14,
1456,3956,30,2017-03-14,
1457,3957,30,2017-03-14,
1458,3958,30,2017-03-14,
1459,3959,30,2017-03-14,
1460,3960,30,2017-03-14,
1461,3961,30,2017-03-14,
1462,3962,30,2017-03-14,
1463,3963,30,2017-03-14,
1464,3964,30,2017-03-14,
1465,3965,30,2017-03-14,
1466,3966,30,2017-03-14,
1467,3967,30,2017-03-14,
1468,3968,30,2017-03-14,
1469,3969,30,2017-03-14,
1470,3970,30,2017-03-14,
1471,3971,30,2017-03-14,
1472,3972,30,2017-03-14,
1473,3973,30,2017-03-14,
1474,3974,30,2017-03-15,
1475,3975,30,2017-03-15,
1476,3976,30,2017-03-15,
1477,3977,30,2017-03-15,
1478,3978,30,2017-03-15,
1479,3979,30,2017-03-15,
1480,3980,30,2017-03-15,
1481,3981,30,2017-03-15,
1482,3982,30,2017-03-15,
1483,3983,30,2017-03-15,
1484,3984,30,2017-03-15,
1485,3985,30,2017-03-15,
1486,3986,30,2017-03-15,
1487,3987,30,2017-03-15,
1488,3988,30,2017-03-15,
1489,3989,30,2017-03-15,
1490,3990,30,2017-03-15,
1491,3991,30,2017-03-15,
1492,3992,30,2017-03-15,
1493,3993,30,2017-03-15,
1494,3994,30,2017-03-16,
1495,3995,30,2017-03-16,
1496,3996,30,2017-03-16,
1497,3997,30,2017-03-16,
1498,3998,30,2017-03-16,
1499,3999,30,2017-03-16,
1500,4000,30,2017-03-16,
1501,4001,31,2017-03-16,
1502,4002,31,2017-03-16,
1503,4003,31,2017-03-16,
1504,4004,31,2017-03-16,
1505,4005,31,2017-03-16,
1506,4006,31,2017-03-16,
1507,4007,31,2017-03-16,
1508,4008,31,2017-03-16,
1509,4009,31,2017-03-16,
1510,4010,31,2017-03-16,
1511,4011,31,2017-03-16,
1512,4012,31,2017-03-16,
1513,4013,31,2017-03-16,
1514,4014,31,2017-03-17,
1515,4015,31,2017-03-17,
1516,4016,31,2017-03-17,
1517,4017,31,2017-03-17,
1518,4018,31,2017-03-17,
1519,4019,31,2017-03-17,
1520,4020,31,2017-03-17,
1521,4021,31,2017-03-17,
1522,4022,31,2017-03-17,
1523,4023,31,2017-03-17,
1524,4024,31,2017-03-17,
1525,4025,31,2017-03-17,
1526,4026,31,2017-03-17,
1527,4027,31,2017-03-17,
1528,4028,31,2017-03-17,
1529,4029,31,2017-03-17,
1530,4030,31,2017-03-17,
1531,4031,31,2017-03-17,
1532,4032,31,2017-03-17,
1533,4033,31,2017-03-17,
1534,4034,31,2017-03-18,
1535,4035,31,2017-03-18,
1536,4036,31,2017-03-18,
1537,4037,31,2017-03-18,
1538,4038,31,2017-03-18,
1539,4039,31,2017-03-18,
1540,4040,31,2017-03-18,
1541,4041,31,2017-03-18,
1542,4042,31,2017-03-18,
1543,4043,31,2017-03-18,
1544,4044,31,2017-03-18,
1545,4045,31,2017-03-18,
1546,4046,31,2017-03-18,
1547,4047,31,2017-03-18,
1548,4048,31,2017-03-18,
1549,4049,31,2017-03-18,
1550,4050,31,2017-03-18,
1551,4051,32,2017-03-18,
1552,4052,32,2017-03-18,
1553,4053,32,2017-03-18,
1554,4054,32,2017-03-19,
1555,4055,32,2017-03-19,
1556,4056,32,2017-03-19,
1557,4057,32,2017-03-19,
1558,4058,32,2017-03-19,
1559,4059,32,2017-03-19,
1560,4060,32,2017-03-19,
1561,4061,32,2017-03-19,
1562,4062,32,2017-03-19,
1563,4063,32,2017-03-19,
1564,4064,32,2017-03-19,
1565,4065,32,2017-03-19,
1566,4066,32,2017-03-19,
1567,4067,32,2017-03-19,
1568,4068,32,2017-03-19,
1569,4069,32,2017-03-19,
1570,4070,32,2017-03-19,
1571,4071,32,2017-03-19,
1572,4072,32,2017-03-19,
1573,4073,32,2017-03-19,
1574,4074,32,2017-03-20,
1575,4075,32,2017-03-20,
1576,4076,32,2017-03-20,
1577,4077,32,2017-03-20,
1578,4078,32,2017-03-20,
1579,4079,32,2017-03-20,
1580,4080,32,2017-03-20,
1581,4081,32,2017-03-20,
1582,4082,32,2017-03-20,
1583,4083,32,2017-03-20,
1584,4084,32,2017-03-20,
1585,4085,32,2017-03-20,
1586,4086,32,2017-03-20,
1587,4087,32,2017-03-20,
1588,4088,32,2017-03-20,
1589,4089,32,2017-03-20,
1590,4090,32,2017-03-20,
1591,4091,32,2017-03-20,
1592,4092,32,2017-03-20,
1593,4093,32,2017-03-20,
1594,4094,32,2017-03-21,
1595,4095,32,2017-03-21,
1596,4096,32,2017-03-21,
1597,4097,32,2017-03-21,
1598,4098,32,2017-03-21,
1599,4099,32,2017-03-21,
1600,4100,32,2017-03-21,
1601,4101,33,2017-03-21,
1602,4102,33,2017-03-21,
1603,4103,33,2017-03-21,
1604,4104,33,2017-03-21,
1605,4105,33,2017-03-21,
1606,4106,33,2017-03-21,
1607,4107,33,2017-03-21,
1608,4108,33,2017-03-21,
1609,4109,33,2017-03-21,
1610,4110,33,2017-03-21,
1611,4111,33,2017-03-21,
1612,4112,33,2017-03-21,
1613,4113,33,2017-03-21,
1614,4114,33,2017-03-22,
1615,4115,33,2017-03-22,
1616,4116,33,2017-03-22,
1617,4117,33,2017-03-22,
1618,4118,33,2017-03-22,
1619,4119,33,2017-03-22,
1620,4120,33,2017-03-22,
1621,4121,33,2017-03-22,
1622,4122,33,2017-03-22,
1623,4123,33,2017-03-22,
1624,4124,33,2017-03-22,
1625,4125,33,2017-03-22,
1626,4126,33,2017-03-22,
1627,4127,33,2017-03-22,
1628,4128,33,2017-03-22,
1629,4129,33,2017-03-22,
1630,4130,33,2017-03-22,
1631,4131,33,2017-03-22,
1632,4132,33,2017-03-22,
1633,4133,33,2017-03-22,
1634,4134,33,2017-03-23,
1635,4135,33,2017-03-23,
1636,4136,33,2017-03-23,
1637,4137,33,2017-03-23,
1638,4138,33,2017-03-23,
1639,4139,33,2017-03-23,
1640,4140,33,2017-03-23,
1641,4141,33,2017-03-23,
1642,4142,33,2017-03-23,
1643,4143,33,2017-03-23,
1644,4144,33,2017-03-23,
1645,4145,33,2017-03-23,
1646,4146,33,2017-03-23,
1647,4147,33,2017-03-23,
1648,4148,33,2017-03-23,
1649,4149,33,2017-03-23,
1650,4150,33,2017-03-23,
1651,4151,34,2017-03-23,
1652,4152,34,2017-03-23,
1653,4153,34,2017-03-23,
1654,4154,34,2017-03-24,
1655,4155,34,2017-03-24,
1656,4156,34,2017-03-24,
1657,4157,34,2017-03-24,
1658,4158,34,2017-03-24,
1659,4159,34,2017-03-24,
1660,4160,34,2017-03-24,
1661,4161,34,2017-03-24,
1662,4162,34,2017-03-24,
1663,4163,34,2017-03-24,
1664,4164,34,2017-03-24,
1665,4165,34,2017-03-24,
1666,4166,34,2017-03-24,
1667,4167,34,2017-03-24,
1668,4168,34,2017-03-24,
1669,4169,34,2017-03-24,
1670,4170,34,2017-03-24,
1671,4171,34,2017-03-24,
1672,4172,34,2017-03-24,
1673,4173,34,2017-03-24,
1674,4174,34,2017-03-25,
1675,4175,34,2017-03-25,
1676,4176,34,2017-03-25,
1677,4177,34,2017-03-25,
1678,4178,34,2017-03-25,
1679,4179,34,2017-03-25,
1680,4180,34,2017-03-25,
1681,4181,34,2017-03-25,
1682,4182,34,2017-03-25,
1683,4183,34,2017-03-25,
1684,4184,34,2017-03-25,
1685,4185,34,2017-03-25,
1686,4186,34,2017-03-25,
1687,4187,34,2017-03-25,
1688,4188,34,2017-03-25,
1689,4189,34,2017-03-25,
1690,4190,34,2017-03-25,
1691,4191,34,2017-03-25,
1692,4192,34,2017-03-25,
1693,4193,34,2017-03-25,
1694,4194,34,2017-03-26,
1695,4195,34,2017-03-26,
1696,4196,34,2017-03-26,
1697,4197,34,2017-03-26,
1698,4198,34,2017-03-26,
1699,4199,34,2017-03-26,
1700,4200,34,2017-03-26,
1701,4201,35,2017-03-26,
1702,4202,35,2017-03-26,
1703,4203,35,2017-03-26,
1704,4204,35,2017-03-26,
1705,4205,35,2017-03-26,
1706,4206,35,2017-03-26,
1707,4207,35,2017-03-26,
1708,4208,35,2017-03-26,
1709,4209,35,2017-03-26,
1710,4210,35,2017-03-26,
1711,4211,35,2017-03-26,
1712,4212,35,2017-03-26,
1713,4213,35,2017-03-26,
1714,4214,35,2017-03-27,
1715,4215,35,2017-03-27,
1716,4216,35,2017-03-27,
1717,4217,35,2017-03-27,
1718,4218,35,2017-03-27,
1719,4219,35,2017-03-27,
1720,4220,35,2017-03-27,
1721,4221,35,2017-03-27,
1722,4222,35,2017-03-27,
1723,4223,35,2017-03-27,
1724,4224,35,2017-03-27,
1725,4225,35,2017-03-27,
1726,4226,35,2017-03-27,
1727,4227,35,2017-03-27,
1728,4228,35,2017-03-27,
1729,4229,35,2017-03-27,
1730,4230,35,2017-03-27,
1731,4231,35,2017-03-27,
1732,4232,35,2017-03-27,
1733,4233,35,2017-03-27,
1734,4234,35,2017-03-28,
1735,4235,35,2017-03-28,
1736,4236,35,2017-03-28,
1737,4237,35,2017-03-28,
1738,4238,35,2017-03-28,
1739,4239,35,2017-03-28,
1740,4240,35,2017-03-28,
1741,4241,35,2017-03-28,
1742,4242,35,2017-03-28,
1743,4243,35,2017-03-28,
1744,4244,35,2017-03-28,
1745,4245,35,2017-03-28,
1746,4246,35,2017-03-28,
1747,4247,35,2017-03-28,
1748,4248,35,2017-03-28,
1749,4249,35,2017-03-28,
1750,4250,35,2017-03-28,
1751,4251,36,2017-03-28,
1752,4252,36,2017-03-28,
1753,4253,36,2017-03-28,
1754,4254,36,2017-03-29,
1755,4255,36,2017-03-29,
1756,4256,36,2017-03-29,
1757,4257,36,2017-03-29,
1758,4258,36,2017-03-29,
1759,4259,36,2017-03-29,
1760,4260,36,2017-03-29,
1761,4261,36,2017-03-29,
1762,4262,36,2017-03-29,
1763,4263,36,2017-03-29,
1764,4264,36,2017-03-29,
1765,4265,36,2017-03-29,
1766,4266,36,2017-03-29,
1767,4267,36,2017-03-29,
1768,4268,36,2017-03-29,
1769,4269,36,2017-03-29,
1770,4270,36,2017-03-29,
1771,4271,36,2017-03-29,
1772,4272,36,2017-03-29,
1773,4273,36,2017-03-29,
1774,4274,36,2017-03-30,
1775,4275,36,2017-03-30,
1776,4276,36,2017-03-30,
1777,4277,36,2017-03-30,
1778,4278,36,2017-03-30,
1779,4279,36,2017-03-30,
1780,4280,36,2017-03-30,
1781,4281,36,2017-03-30,
1782,4282,36,2017-03-30,
1783,4283,36,2017-03-30,
1784,4284,36,2017-03-30,
1785,4285,36,2017-03-30,
1786,4286,36,2017-03-30,
1787,4287,36,2017-03-30,
1788,4288,36,2017-03-30,
1789,4289,36,2017-03-30,
1790,4290,36,2017-03-30,
1791,4291,36,2017-03-30,
1792,4292,36,2017-03-30,
1793,4293,36,2017-03-30,
1794,4294,36,2017-03-31,
1795,4295,36,2017-03-31,
1796,4296,36,2017-03-31,
1797,4297,36,2017-03-31,
1798,4298,36,2017-03-31,
1799,4299,36,2017-03-31,
1800,4300,36,2017-03-31,
1801,4301,37,2017-03-31,
1802,4302,37,2017-03-31,
1803,4303,37,2017-03-31,
1804,4304,37,2017-03-31,
1805,4305,37,2017-03-31,
1806,4306,37,2017-03-31,
1807,4307,37,2017-03-31,
1808,4308,37,2017-03-31,
1809,4309,37,2017-03-31,
1810,4310,37,2017-03-31,
1811,4311,37,2017-03-31,
1812,4312,37,2017-03-31,
1813,4313,37,2017-03-31,
1814,4314,37,2017-04-01,
1815,4315,37,2017-04-01,
1816,4316,37,2017-04-01,
1817,4317,37,2017-04-01,
1818,4318,37,2017-04-01,
1819,4319,37,2017-04-01,
1820,4320,37,2017-04-01,
1821,4321,37,2017-04-01,
1822,4322,37,2017-04-01,
1823,4323,37,2017-04-01,
1824,4324,37,2017-04-01,
1825,4325,37,2017-04-01,
1826,4326,37,2017-04-01,
1827,4327,37,2017-04-01,
1828,4328,37,2017-04-01,
1829,4329,37,2017-04-01,
1830,4330,37,2017-04-01,
1831,4331,37,2017-04-01,
1832,4332,37,2017-04-01,
1833,4333,37,2017-04-01,
1834,4334,37,2017-04-02,
1835,4335,37,2017-04-02,
1836,4336,37,2017-04-02,
1837,4337,37,2017-04-02,
1838,4338,37,2017-04-02,
1839,4339,37,2017-04-02,
1840,4340,37,2017-04-02,
1841,4341,37,2017-04-02,
1842,4342,37,2017-04-02,
1843,4343,37,2017-04-02,
1844,4344,37,2017-04-02,
1845,4345,37,2017-04-02,
1846,4346,37,2017-04-02,
1847,4347,37,2017-04-02,
1848,4348,37,2017-04-02,
1849,4349,37,2017-04-02,
1850,4350,37,2017-04-02,
1851,4351,38,2017-04-02,
1852,4352,38,2017-04-02,
1853,4353,38,2017-04-02,
1854,4354,38,2017-04-03,
1855,4355,38,2017-04-03,
1856,4356,38,2017-04-03,
1857,4357,38,2017-04-03,
1858,4358,38,2017-04-03,
1859,4359,38,2017-04-03,
1860,4360,38,2017-04-03,
1861,4361,38,2017-04-03,
1862,4362,38,2017-04-03,
1863,4363,38,2017-04-03,
1864,4364,38,2017-04-03,
1865,4365,38,2017-04-03,
1866,4366,38,2017-04-03,
1867,4367,38,2017-04-03,
1868,4368,38,2017-04-03,
1869,4369,38,2017-04-03,
1870,4370,38,2017-04-03,
1871,4371,38,2017-04-03,
1872,4372,38,2017-04-03,
1873,4373,38,2017-04-03,
1874,4374,38,2017-04-04,
1875,4375,38,2017-04-04,
1876,4376,38,2017-04-04,
1877,4377,38,2017-04-04,
1878,4378,38,2017-04-04,
1879,4379,38,2017-04-04,
1880,4380,38,2017-04-04,
1881,4381,38,2017-04-04,
1882,4382,38,2017-04-04,
1883,4383,38,2017-04-04,
1884,4384,38,2017-04-04,
1885,4385,38,2017-04-04,
1886,4386,38,2017-04-04,
1887,4387,38,2017-04-04,
1888,4388,38,2017-04-04,
1889,4389,38,2017-04-04,
1890,4390,38,2017-04-04,
1891,4391,38,2017-04-04,
1892,4392,38,2017-04-04,
1893,4393,38,2017-04-04,
1894,4394,38,2017-04-05,
1895,4395,38,2017-04-05,
1896,4396,38,2017-04-05,
1897,4397,38,2017-04-05,
1898,4398,38,2017-04-05,
1899,4399,38,2017-04-05,
1900,4400,38,2017-04-05,
1901,4401,39,2017-04-05,
1902,4402,39,2017-04-05,
1903,4403,39,2017-04-05,
1904,4404,39,2017-04-05,
1905,4405,39,2017-04-05,
1906,4406,39,2017-04-05,
1907,4407,39,2017-04-05,
1908,4408,39,2017-04-05,
1909,4409,39,2017-04-05,
1910,4410,39,2017-04-05,
1911,4411,39,2017-04-05,
1912,4412,39,2017-04-05,
1913,4413,39,2017-04-05,
1914,4414,39,2017-04-06,
1915,4415,39,2017-04-06,
1916,4416,39,2017-04-06,
1917,4417,39,2017-04-06,
1918,4418,39,2017-04-06,
1919,4419,39,2017-04-06,
1920,4420,39,2017-04-06,
1921,4421,39,2017-04-06,
1922,4422,39,2017-04-06,
1923,4423,39,2017-04-06,
1924,4424,39,2017-04-06,
1925,4425,39,2017-04-06,
1926,4426,39,2017-04-06,
1927,4427,39,2017-04-06,
1928,4428,39,2017-04-06,
1929,4429,39,2017-04-06,
1930,4430,39,2017-04-06,
1931,4431,39,2017-04-06,
1932,4432,39,2017-04-06,
1933,4433,39,2017-04-06,
1934,4434,39,2017-04-06,
1935,4435,39,2017-04-07,
1936,4436,39,2017-04-07,
1937,4437,39,2017-04-07,
1938,4438,39,2017-04-07,
1939,4439,39,2017-04-07,
1940,4440,39,2017-04-07,
1941,4441,39,2017-04-07,
1942,4442,39,2017-04-07,
1943,4443,39,2017-04-07,
1944,4444,39,2017-04-07,
1945,4445,39,2017-04-07,
1946,4446,39,2017-04-07,
1947,4447,39,2017-04-07,
1948,4448,39,2017-04-07,
1949,4449,39,2017-04-07,
1950,4450,39,2017-04-07,
1951,4451,40,2017-04-07,
1952,4452,40,2017-04-07,
1953,4453,40,2017-04-07,
1954,4454,40,2017-04-07,
1955,4455,40,2017-04-08,
1956,4456,40,2017-04-08,
1957,4457,40,2017-04-08,
1958,4458,40,2017-04-08,
1959,4459,40,2017-04-08,
1960,4460,40,2017-04-08,
1961,4461,40,2017-04-08,
1962,4462,40,2017-04-08,
1963,4463,40,2017-04-08,
1964,4464,40,2017-04-08,
1965,4465,40,2017-04-08,
1966,4466,40,2017-04-08,
1967,4467,40,2017-04-08,
1968,4468,40,2017-04-08,
1969,4469,40,2017-04-08,
1970,4470,40,2017-04-08,
1971,4471,40,2017-04-08,
1972,4472,40,2017-04-08,
1973,4473,40,2017-04-08,
1974,4474,40,2017-04-08,
1975,4475,40,2017-04-09,
1976,4476,40,2017-04-09,
1977,4477,40,2017-04-09,
1978,4478,40,2017-04-09,
1979,4479,40,2017-04-09,
1980,4480,40,2017-04-09,
1981,4481,40,2017-04-09,
1982,4482,40,2017-04-09,
1983,4483,40,2017-04-09,
1984,4484,40,2017-04-09,
1985,4485,40,2017-04-09,
1986,4486,40,2017-04-09,
1987,4487,40,2017-04-09,
1988,4488,40,2017-04-09,
1989,4489,40,2017-04-09,
1990,4490,40,2017-04-09,
1991,4491,40,2017-04-09,
1992,4492,40,2017-04-09,
1993,4493,40,2017-04-09,
1994,4494,40,2017-04-09,
1995,4495,40,2017-04-10,
1996,4496,40,2017-04-10,
1997,4497,40,2017-04-10,
1998,4498,40,2017-04-10,
1999,4499,40,2017-04-10,
2000,4500,40,2017-04-10,